id,predict_0,predict_1,predict_2
11066,0.9902176765268893,0.009039705233517848,0.0007426182395929513
18000,0.3301800564888788,0.06288022691915633,0.606939716591965
16964,0.9932762225376267,0.006319095482774603,0.0004046819795987622
4795,0.837508971850289,0.14536884318321006,0.01712218496650085
3392,0.22370030737310828,0.6916248258215418,0.08467486680535002
3795,0.8950243403873877,0.10229922136290627,0.0026764382497060863
2881,0.9267163824278251,0.07219602983594828,0.0010875877362267175
1903,0.08082357181269559,0.05397449177524752,0.8652019364120569
5245,0.7259004236590807,0.2399589874627426,0.03414058887817668
6726,0.9845482090143005,0.015000969131179905,0.0004508218545198039
1311,0.983589048485749,0.015846598216940403,0.0005643532973106206
15795,0.5501028402377153,0.4467514213432953,0.003145738418989394
4315,0.9584347447420026,0.03873652924764842,0.00282872601034883
3393,0.6231790555657151,0.0929266209309868,0.28389432350329813
6764,0.7220339403681243,0.08657789558075438,0.19138816405112116
13039,0.823806724598464,0.17457847260462211,0.0016148027969137997
12331,0.7383525968151529,0.14059974050931992,0.12104766267552726
14276,0.3457250521814269,0.2688289951016341,0.38544595271693893
14638,0.9807352007603837,0.018878628998961953,0.0003861702406542378
6573,0.9941647525983123,0.005495952029400938,0.0003392953722870179
2222,0.40584736189013226,0.04855661935175871,0.5455960187581089
8824,0.9923207738455773,0.0070926217546137225,0.0005866043998092064
6360,0.9148573620809027,0.08183053415976681,0.0033121037593304495
7553,0.47374264352432244,0.2431169620916144,0.2831403943840632
13760,0.8446864291050918,0.13101805017442072,0.0242955207204875
4284,0.6081603169636252,0.3050594510343546,0.0867802320020201
1356,0.9059761850505956,0.08334753476408154,0.010676280185323008
3410,0.9438807635760323,0.020838185027031907,0.03528105139693582
4830,0.11033448576827634,0.8864518111904869,0.0032137030412367662
8998,0.5068297495010401,0.44809109959359916,0.04507915090536088
18052,0.9914878284295993,0.008078012838902629,0.0004341587314980757
7539,0.8510918115368902,0.1475329469207929,0.0013752415423168743
9529,0.86100076786676,0.12536977771000454,0.013629454423235333
3656,0.9500254727109464,0.04689563553971276,0.003078891749340802
14238,0.9287332873472974,0.0335684388919948,0.037698273760707814
2682,0.722105783969116,0.2762528490489351,0.0016413669819489696
7312,0.24182297843090877,0.7510613443011195,0.007115677267971801
12971,0.8291546139652108,0.16270049301672768,0.008144893018061494
10735,0.9827431273890959,0.0169159069760188,0.000340965634885467
4050,0.8602843397485054,0.111324046767,0.02839161348449469
5943,0.9886426012865072,0.010909368881349333,0.00044802983214363575
6482,0.08556723055148893,0.9118928737813716,0.0025398956671394074
9746,0.36026909351275044,0.06567682386397045,0.5740540826232792
13320,0.339010097542584,0.04486846902170044,0.6161214334357156
803,0.543710096737194,0.42850393306190737,0.02778597020089851
15437,0.9762595817159997,0.02126738319460539,0.0024730350893950458
12302,0.9937715838121483,0.005891317396098132,0.00033709879175380524
12271,0.9847482666673433,0.014653460203172774,0.0005982731294839759
5341,0.9666655811522914,0.022333570744968768,0.01100084810273974
4427,0.9943784019849574,0.005180185145311054,0.00044141286973146076
529,0.8661877876108273,0.037066445490041997,0.09674576689913064
2022,0.9825149558147321,0.014446623400552519,0.0030384207847152923
14625,0.9926203052815252,0.006946295375236142,0.00043339934323866205
2922,0.24848142830270045,0.42250624762343236,0.3290123240738672
16330,0.13822005910686114,0.38149180545268224,0.4802881354404567
12890,0.9554428397101927,0.04386583641890838,0.0006913238708987717
2140,0.7038872931090192,0.2943894676974183,0.0017232391935625394
13484,0.6765552821194576,0.32064033825881677,0.0028043796217256446
12392,0.9903000550420127,0.00948861481738548,0.00021133014060155337
2322,0.29632696382139984,0.16199323325526624,0.541679802923334
567,0.12378244932514974,0.030402165245438303,0.845815385429412
4436,0.8065953561282229,0.18970035131568727,0.0037042925560897624
12156,0.9942930769520906,0.005181804367826,0.0005251186800835085
7508,0.7500139409339813,0.24634026115372146,0.0036457979122973307
6184,0.8938627682719146,0.03400372485275072,0.0721335068753346
12213,0.9823298959142124,0.00653738623458749,0.011132717851200154
6458,0.4219883520607521,0.12370668847271267,0.4543049594665352
13967,0.9824368334434084,0.01668976367227023,0.0008734028843213637
894,0.9554123626059889,0.04057032844030719,0.004017308953703873
7461,0.23124977858851237,0.5870607424902468,0.18168947892124096
8949,0.985864754311024,0.01321711045742089,0.0009181352315550232
3477,0.3564655010496008,0.6375643640686004,0.005970134881798863
2779,0.9221403553193815,0.07287038070243405,0.0049892639781844595
13551,0.8932784040203006,0.08678586936614337,0.01993572661355613
8297,0.8651544326960392,0.13170871046920307,0.003136856834757723
5050,0.403690417536667,0.5918519751885244,0.00445760727480853
10716,0.34188431032151867,0.6573805766237961,0.0007351130546852374
16075,0.8075566046952402,0.18215484136109078,0.010288553943668984
1366,0.07198980233754516,0.9264350796565073,0.001575118005947639
774,0.9941717126868124,0.005475282333478083,0.00035300497970954116
7406,0.6699922343875758,0.32673696092155724,0.003270804690866997
2526,0.6085748170047207,0.3254618002992709,0.06596338269600834
9649,0.8651544326960392,0.13170871046920307,0.003136856834757723
16115,0.3792704414287077,0.44499788063044526,0.17573167794084715
14749,0.3718888170643614,0.030717899901114787,0.5973932830345238
14952,0.33850992735761787,0.5531582387468935,0.10833183389548878
4786,0.5670048309261126,0.018482252001980056,0.4145129170719073
16513,0.9254527212445665,0.0734845532595697,0.0010627254958640072
2002,0.9967001767727273,0.0029052079634128013,0.00039461526386004006
4701,0.29762633425619844,0.6941776647277612,0.008196001016040412
7742,0.9686803735438673,0.025864935357003103,0.005454691099129462
5905,0.9675852324530425,0.03110569947438704,0.0013090680725704165
685,0.6640560661331826,0.05627835626881128,0.2796655775980062
11857,0.830295686783413,0.1677128707676769,0.001991442448910063
11628,0.35859499812673973,0.38237269385212874,0.2590323080211316
15024,0.936398307297693,0.062444714388097955,0.001156978314209039
4168,0.9892323223912145,0.006063321538941986,0.0047043560698433
11914,0.7706299932181084,0.2133364726234592,0.01603353415843232
5293,0.926071233969993,0.07244175927302526,0.001487006756981605
3374,0.23549506022155703,0.7625556063553004,0.0019493334231425231
13055,0.9962011591770591,0.0033611290628461493,0.00043771176009464605
17759,0.36629624513975395,0.6234037073531546,0.010300047507091431
590,0.49758174018904616,0.49628296169742836,0.006135298113525502
1353,0.9709126912315981,0.028755951678256824,0.00033135709014505733
11938,0.06976620358266714,0.06043817841104754,0.8697956180062855
1018,0.19798633798367388,0.47063132151084014,0.3313823405054861
14945,0.8546250240797433,0.14421800974137883,0.0011569661788779738
1001,0.9377003563783755,0.05997893302209992,0.002320710599524669
3587,0.8678047399881593,0.1038412038110438,0.0283540562007968
868,0.9895816039775491,0.009584395164829425,0.0008340008576213665
9296,0.2552531115990375,0.08535583963754925,0.6593910487634134
12455,0.939241350812332,0.05983192835069172,0.0009267208369763295
17132,0.9824790765543359,0.01642133516014813,0.0010995882855159682
10240,0.9910819449119855,0.006275706157488573,0.002642348930525969
3696,0.10629151714921267,0.02416358761336746,0.86954489523742
10355,0.21459616657196476,0.7815438147926177,0.0038600186354174363
2206,0.1659222506990902,0.8327600821976601,0.0013176671032496545
14590,0.997014941981015,0.002562029425871107,0.00042302859311393344
13191,0.9764626571609756,0.021565170444859734,0.0019721723941646093
5882,0.9324726436417141,0.06716031178975368,0.0003670445685322906
12653,0.295397057491359,0.7025623268489499,0.0020406156596910426
1491,0.24713046300054514,0.7483214531915949,0.004548083807859932
1176,0.9307328653316806,0.06664635215180166,0.0026207825165177343
11246,0.4412472067203555,0.1433285047013463,0.41542428857829833
14557,0.4339383197978789,0.5551346219430932,0.01092705825902789
4772,0.1824994083932022,0.6042139227894048,0.21328666881739305
17192,0.7520045222201408,0.24624683434545386,0.0017486434344054058
10637,0.7597809316253824,0.23821922573776785,0.001999842636849819
3281,0.40682414421525365,0.5901025921759528,0.0030732636087935235
3191,0.30255738198146576,0.25080496648995343,0.4466376515285808
672,0.9896324694609242,0.01000629033938788,0.0003612401996878631
6301,0.9486585375982663,0.050568229208526716,0.0007732331932070326
10309,0.9869584176696186,0.012703881933989488,0.0003377003963918587
1734,0.7452325996284977,0.2534137299585693,0.0013536704129328055
2990,0.07710114968151172,0.9150798294604683,0.007819020858019821
5746,0.6953834482067562,0.2709914252917178,0.03362512650152592
15289,0.6323913173794691,0.3652372381431584,0.002371444477372582
2971,0.9952892322909268,0.004465119767670276,0.0002456479414029097
9771,0.884016272261246,0.0762096276875429,0.03977410005121125
11253,0.1382202041918921,0.8537052397560138,0.008074556052094126
14576,0.6707045703975952,0.32228455435203757,0.007010875250367269
4688,0.21850332175483902,0.22733388565742008,0.5541627925877409
14469,0.7747389133805385,0.22214210610252555,0.003118980516936011
9298,0.9586959735426356,0.029250862215167046,0.012053164242197361
16099,0.36064153785474207,0.6243666659778353,0.014991796167422708
17316,0.19731118063603156,0.6408252217301715,0.16186359763379707
15212,0.9962041730191902,0.0033986347717098356,0.00039719220909992134
10691,0.9845228035063562,0.009785613955003786,0.005691582538639997
3805,0.9942072432424405,0.005444318414600811,0.0003484383429586733
6418,0.46882186132032866,0.5154146796188535,0.01576345906081784
1158,0.8967969647335658,0.10138407638329658,0.001818958883137716
7768,0.9874524887182619,0.010085488257962913,0.0024620230237752646
4834,0.08692519580901754,0.04530019117422355,0.8677746130167588
10914,0.39535646348520503,0.6021109398130439,0.002532596701751156
14606,0.44661735241169187,0.5498669642329466,0.00351568335536164
3220,0.9075030026762554,0.08849274851767247,0.004004248806072236
10433,0.6264991271403257,0.3415084755468897,0.03199239731278462
11251,0.6391381445558667,0.1117375979445266,0.24912425749960665
8084,0.9521159961335323,0.047274884045826054,0.0006091198206418704
522,0.9926760401536759,0.004864370009029666,0.0024595898372945777
17299,0.9602078932310928,0.03868576007401928,0.0011063466948881366
15587,0.9338081631967927,0.03231848630579037,0.03387335049741708
1563,0.09762547377869439,0.020843283464130422,0.8815312427571752
8252,0.8905022096447884,0.10353534689688851,0.00596244345832314
17802,0.20731123274200136,0.1479600542319273,0.6447287130260714
2738,0.9759993806734016,0.021958248258024372,0.002042371068573926
9896,0.7698269398998037,0.22816632061313497,0.00200673948706151
14609,0.9967372766996221,0.00280682128858514,0.0004559020117928679
10463,0.9953011369134094,0.004382448314495592,0.00031641477209499834
1280,0.14976175641106726,0.3123909440882702,0.5378472995006626
977,0.3152828069776518,0.5978998191742214,0.08681737384812689
979,0.9785296519975969,0.02054410468733269,0.000926243315070355
10908,0.9887135684965055,0.010676221277960746,0.0006102102255337977
12569,0.5223479091065996,0.3719818449349761,0.10567024595842439
6078,0.11757141952853578,0.03916043182016594,0.8432681486512982
18339,0.996742791363185,0.0028849939917194646,0.0003722146450957271
13799,0.08505889881279922,0.30077797369230536,0.6141631274948954
7193,0.5628830017785513,0.1592028496518666,0.2779141485695821
8243,0.5971234058279186,0.3992954561119027,0.003581138060178772
13622,0.9964078292299884,0.0031928519205980587,0.0003993188494134363
5885,0.9327716646964886,0.0662087956214508,0.0010195396820606422
5768,0.9865543918810767,0.009845700024986635,0.0035999080939365835
632,0.6565341008839092,0.33866797494356154,0.004797924172529396
3314,0.9935233746998534,0.005571558336366702,0.0009050669637798298
3664,0.5321153026198285,0.4593693014155509,0.008515395964620549
18518,0.8995064615872443,0.09939892633408333,0.0010946120786723885
7687,0.9955799990575039,0.003982190868917207,0.0004378100735788969
17889,0.5151697727944969,0.38673883170395423,0.09809139550154879
12943,0.38294333897156446,0.26134602960847914,0.35571063141995646
3581,0.9658974042292193,0.03338257741140376,0.0007200183593770688
13802,0.913634687759806,0.08464961311005963,0.0017156991301343666
17702,0.3478509226473174,0.6481112930220947,0.0040377843305877854
12342,0.9961828496134888,0.0034246697488252457,0.00039248063768595407
11185,0.9946999644431332,0.004807827734227121,0.0004922078226394566
15675,0.9654390616050981,0.03373465411478372,0.0008262842801179724
6716,0.8736047636430365,0.12510936366426872,0.0012858726926946284
17790,0.5030682703876316,0.49310498925731217,0.003826740355056174
17791,0.6354459006011169,0.3589889453436552,0.005565154055227876
6145,0.9317136033184288,0.06715099125108095,0.0011354054304902035
18237,0.28869419873974633,0.706922643241112,0.004383158019141654
10523,0.9459304110803578,0.043215015556535605,0.010854573363106586
4356,0.6442763043577314,0.3485395413430829,0.007184154299185746
7482,0.594758572236083,0.40307308218397964,0.002168345579937437
5856,0.7413248668754496,0.22695344921318997,0.031721683911360356
5011,0.3965800802083489,0.1829336941936203,0.42048622559803084
15872,0.9914400069414345,0.007814750208699685,0.000745242849865823
6609,0.6138094179594494,0.37857987220713335,0.0076107098334171714
995,0.9670854979430834,0.02773504615202975,0.0051794559048865575
4680,0.9894051508339099,0.009534696127613632,0.001060153038476302
18327,0.6406292836538438,0.2426567472693824,0.11671396907677381
8484,0.49475255343500607,0.5034998677724807,0.0017475787925133228
16968,0.32029603215629787,0.6741269201830605,0.005577047660641519
8305,0.9812475926447222,0.018186622990420395,0.0005657843648574853
7012,0.9187073511418449,0.08035234403325012,0.0009403048249049485
13465,0.3172378839126453,0.42106984257639696,0.26169227351095786
8375,0.9894913193688076,0.009885394776577443,0.0006232858546147539
15629,0.39448466523690334,0.5962020330748341,0.009313301688262646
12296,0.9933280466086809,0.006318613782859329,0.0003533396084597458
458,0.5391876409780406,0.1272587658037451,0.33355359321821415
18124,0.318307008993234,0.21463139181897,0.46706159918779594
4430,0.09493789382343629,0.7400482239977733,0.16501388217879057
14443,0.4067334750679022,0.5841985401876107,0.009067984744487067
15275,0.9574750404706412,0.024917902999516878,0.017607056529841975
4470,0.37203145202069515,0.15383542044994905,0.47413312752935577
13831,0.9670289223313852,0.03217874840272322,0.0007923292658915971
7696,0.9397259174444662,0.03598051558831725,0.02429356696721668
15172,0.7807624351712027,0.1727831260529994,0.046454438775797885
16647,0.8939291325233514,0.10342112870902352,0.0026497387676250937
14209,0.4014138929901502,0.5924430193816409,0.006143087628208848
18121,0.942154094573889,0.05580741392592287,0.0020384915001881057
12144,0.4109498974579505,0.5859836394350987,0.003066463106950786
800,0.9892199409423392,0.010417728969639203,0.0003623300880215417
13200,0.19509956304390577,0.8027289301844178,0.00217150677167635
5724,0.1702581160736583,0.05578933494555894,0.7739525489807827
15722,0.6424143552962683,0.33230946802161715,0.025276176682114453
6660,0.9425923885630457,0.05648207150648986,0.0009255399304645091
8394,0.9613734528460712,0.03758997271307102,0.0010365744408579163
5554,0.6475955311185835,0.26614280438002624,0.08626166450139028
10381,0.9056742251615786,0.09145384235920695,0.0028719324792145008
15783,0.9644191887576916,0.03492280574245441,0.0006580054998541159
10907,0.9281801428422418,0.06961347240403706,0.002206384753721022
11455,0.9921698460002795,0.007337983807510141,0.0004921701922103789
5992,0.21051622380845522,0.6626077050394142,0.12687607115213062
16564,0.3155885602486836,0.07028221284684917,0.6141292269044673
7933,0.10320804113502088,0.8094744227641091,0.08731753610087005
16008,0.9802371991234596,0.019474015242181557,0.0002887856343588889
7265,0.17743105478395385,0.8113597404399931,0.011209204776053203
11095,0.7538417439394876,0.2447944909168047,0.0013637651437076448
2181,0.2269649941762694,0.5052041401118283,0.2678308657119022
8845,0.9412260660504722,0.05611555619336047,0.0026583777561674325
13617,0.4394449564620782,0.5581703973697506,0.0023846461681713126
17228,0.9565348628453785,0.040718626840135816,0.0027465103144856218
16321,0.9919446678964853,0.00766740956061721,0.0003879225428977455
14851,0.9566410624037242,0.011473601043089393,0.031885336553186636
9613,0.9631185280407072,0.0360513483726346,0.0008301235866581475
3121,0.966618913291669,0.031964062436973195,0.001417024271357903
4840,0.9962352871159355,0.003384214138771886,0.0003804987452925413
18216,0.21194189491978643,0.7858949680470136,0.0021631370331999084
17113,0.2707201192168602,0.7261900408006137,0.0030898399825260428
4775,0.9872243573538041,0.009840695422411422,0.002934947223784694
14105,0.8970183456303062,0.05324935474379457,0.049732299625899194
4993,0.6754861374296751,0.3176195638599919,0.00689429871033307
8901,0.9368425860451605,0.03150731209880423,0.031650101856035284
15443,0.9242260782481896,0.06997919981797032,0.005794721933840071
435,0.9917125950158935,0.00797062262495579,0.00031678235915067366
4595,0.16320118342732234,0.7863041012259689,0.050494715346708643
14503,0.7682715505165911,0.2301252454894454,0.0016032039939634657
2191,0.4173323777296617,0.574389694757978,0.00827792751236024
2163,0.9277286635441319,0.07057793941079626,0.0016933970450719268
9987,0.9936156461363027,0.005981188563349633,0.0004031653003476045
16234,0.3452489173069948,0.3109427008432491,0.34380838184975626
3834,0.08842799866078323,0.06896580240059463,0.8426061989386221
13133,0.5982300886445988,0.40018363255085554,0.0015862788045455925
13909,0.9088241454834912,0.0641963008774495,0.026979553639059413
9952,0.9249725412227545,0.0664169656070483,0.008610493170197023
3666,0.7374714275757767,0.2605245119307166,0.002004060493506766
6072,0.9493758325294973,0.047200408676953645,0.0034237587935490553
2936,0.32990383541752205,0.06943034458999234,0.6006658199924856
6497,0.9670080146266488,0.028738094633283227,0.004253890740068038
5645,0.9358162341135563,0.06357979284592294,0.0006039730405207121
15476,0.6622835019923708,0.2979851237209646,0.03973137428666454
8472,0.9963424111016098,0.0032975338701168766,0.0003600550282734266
15687,0.9651036370881055,0.03390639677875501,0.0009899661331394035
10682,0.9715504012712243,0.027806146097298975,0.0006434526314768236
10772,0.863916414054083,0.13426264334389185,0.0018209426020251147
8156,0.18030521042553949,0.4833725703086297,0.33632221926583084
10436,0.6882629939469077,0.2499260399396889,0.06181096611340344
16827,0.9431541778987802,0.05487222510760031,0.0019735969936194864
12299,0.2484530047486122,0.45534769398179104,0.29619930126959676
9258,0.1331104953766994,0.17910536533731722,0.6877841392859834
4759,0.7676324923814648,0.23028105860718912,0.002086449011346107
8989,0.5111366262043671,0.4824016388350984,0.006461734960534504
14823,0.9967122442136633,0.0028520792617756944,0.000435676524560933
17270,0.4936478179598229,0.30145358030053987,0.2048986017396373
2005,0.9683405752680633,0.03018201839667366,0.0014774063352631427
15757,0.9103874930394308,0.08878226361528195,0.0008302433452872452
14476,0.43127040084885687,0.5659338582521417,0.002795740899001373
17243,0.32736600350152295,0.5256972638303363,0.14693673266814064
3908,0.8590373910789214,0.13859341978949094,0.0023691891315875675
781,0.98276403653341,0.009913808437928663,0.007322155028661128
5398,0.4702354234449425,0.47696998547215647,0.052794591082901104
2687,0.45562164273374095,0.45086524036231446,0.09351311690394466
5017,0.9661260419894653,0.021769075234710528,0.012104882775824314
140,0.6681933390529408,0.327085974713077,0.004720686233982154
14897,0.9272237487816389,0.0702741067660826,0.0025021444522783385
1487,0.3434078646988784,0.6098336080570066,0.046758527244114875
18371,0.9966609624454084,0.0029033834459916024,0.0004356541086001614
10170,0.9666767029494576,0.01855185871846078,0.014771438332081431
3464,0.692468303790979,0.22723675743743252,0.08029493877158864
1535,0.894556732637192,0.1008198410781869,0.004623426284621107
1442,0.6977003472633795,0.2981516678165621,0.004147984920058509
7249,0.7993579355210845,0.18751859383220498,0.013123470646710622
17510,0.5496717639608079,0.4451681298081717,0.005160106231020416
418,0.9954437201304661,0.004233559276986242,0.0003227205925476745
16274,0.15149022941784226,0.43336821366527867,0.415141556916879
12497,0.4666318409917596,0.5256124931804406,0.007755665827799925
17309,0.9768293907313987,0.013812337956326123,0.009358271312275042
3891,0.9731789529885678,0.018728696471907152,0.008092350539524833
8437,0.9841144053528741,0.0150830172484825,0.000802577398643219
9950,0.4335598084601893,0.5648053925087697,0.0016347990310409993
5316,0.9902155064998561,0.00818653166073068,0.0015979618394130507
12979,0.6445803455974978,0.3529999839657659,0.002419670436736361
14648,0.9486255804525019,0.047742344002196645,0.0036320755453015147
8194,0.9725727135401234,0.02493733654809097,0.002489949911785688
10386,0.26922100198392895,0.3051313827443687,0.42564761527170225
12749,0.2791060492091128,0.36653510797485406,0.35435884281603325
16508,0.9898007229822926,0.009783589213510715,0.0004156878041970149
16386,0.9128704789191507,0.08611550501707174,0.0010140160637776285
12933,0.9288462438882698,0.06676303214051316,0.004390723971217256
2830,0.9291339183111207,0.0692469116555826,0.0016191700332967036
11528,0.4118189863949119,0.5863322508137583,0.0018487627913298579
15904,0.933938557113322,0.06515035636523847,0.0009110865214395964
16390,0.475328356343614,0.514641708558018,0.010029935098368043
14036,0.9953327077642046,0.004216154236469048,0.0004511379993262327
17215,0.9946915594470895,0.004993660432970548,0.0003147801199399044
14404,0.9242087007256576,0.07454532630251522,0.0012459729718271014
12101,0.06587228114090912,0.25422954476876286,0.679898174090328
10812,0.19089765647206125,0.8027665503147143,0.006335793213224265
4374,0.9934308956267255,0.006187467178904417,0.000381637194369957
9719,0.43351119961159423,0.5550575303367671,0.0114312700516386
8520,0.37925934257219884,0.5763844511116674,0.04435620631613377
15621,0.9245943495504124,0.035842849107972814,0.039562801341614794
7173,0.12118681035498946,0.2779555504658607,0.6008576391791499
7544,0.9745455823853306,0.02103343657846027,0.004420981036209227
7253,0.5383791708929561,0.39588719738088907,0.06573363172615489
16731,0.5236510352836445,0.4681575980957324,0.008191366620623117
17278,0.8935210470966228,0.10388469908788374,0.0025942538154932974
16327,0.9611858746232771,0.03846318049661142,0.0003509448801115208
15845,0.9949085124400946,0.004462843312459011,0.000628644247446394
6750,0.22308268258449937,0.30769628603576193,0.4692210313797386
7674,0.985788047452818,0.012335981795163396,0.0018759707520185878
17416,0.3845272310630851,0.5630753878177556,0.052397381119159384
9050,0.40897530254336845,0.5709823170128292,0.020042380443802337
8931,0.23187372000117096,0.7014214702187105,0.06670480978011857
13146,0.5809787991923044,0.26540426950714074,0.1536169313005549
11584,0.9386897734673273,0.060455291816739545,0.0008549347159331289
8322,0.9917634541748396,0.007921707534676109,0.0003148382904842749
16067,0.537819437998788,0.457375181113265,0.00480538088794705
11438,0.667337907945527,0.3276257879259606,0.005036304128512409
677,0.36642410126114966,0.6322165210541529,0.0013593776846974443
7475,0.3486066274332687,0.6476196341166557,0.0037737384500756786
13400,0.6470848976177875,0.3253448431193101,0.027570259262902276
10255,0.9878733568999953,0.01167265056354783,0.00045399253645694046
17987,0.9722179198937357,0.027165153412380773,0.000616926693883571
13651,0.09307456502218937,0.14257497809069597,0.7643504568871147
8226,0.9945440342231147,0.004846849956670996,0.00060911582021406
7643,0.8860184426192704,0.11017699769700856,0.0038045596837210393
10318,0.13973713345482577,0.030706812181294795,0.8295560543638794
12382,0.7601732018134715,0.02120893843423079,0.21861785975229772
2912,0.2538183825143411,0.38913462392841075,0.35704699355724795
2254,0.17361992034290571,0.23392226774015626,0.592457811916938
13110,0.9717116493671979,0.018012429946636977,0.010275920686165205
8355,0.07556288784414987,0.07738551503298426,0.8470515971228658
10753,0.9736870593451329,0.025700925105327697,0.0006120155495392318
17974,0.42491636216411627,0.15026560010778173,0.42481803772810195
7588,0.9686105209735577,0.02003815509461644,0.011351323931826062
3209,0.9694673804049082,0.025287425098433975,0.005245194496657918
16325,0.8684660844914588,0.1297165010112379,0.0018174144973032065
12009,0.8670663289004242,0.12931359440114537,0.0036200766984303837
7141,0.12876086791686753,0.8450782046988763,0.026160927384256297
7584,0.2435019493376352,0.4594556643596678,0.29704238630269714
171,0.38486127478554405,0.6131057872458066,0.00203293796864929
14412,0.9142198408676516,0.06241514446133578,0.0233650146710125
16111,0.4726626935977403,0.5252026699168459,0.0021346364854135905
17959,0.8781856113064027,0.12094779232472778,0.0008665963688693476
401,0.9307937791611759,0.06467477013422895,0.004531450704595049
16571,0.36171419901277835,0.6293216518182756,0.008964149168946004
3294,0.4742659216895272,0.5201650990579868,0.005568979252485989
16220,0.3764426393971736,0.3863050064484233,0.23725235415440302
2404,0.9716436370689802,0.027633474204284227,0.0007228887267355571
11002,0.6644732630221,0.33323755452360815,0.0022891824542919394
372,0.7832042613391039,0.21460724158926658,0.0021884970716294755
15477,0.959641462917101,0.007868546902509942,0.0324899901803892
41,0.3423452801867926,0.6562702963860775,0.0013844234271298817
8671,0.9740082674615301,0.024742671089536653,0.0012490614489331132
8129,0.07987728629342572,0.8921097888251489,0.028012924881425417
14683,0.9871981246048556,0.012399561134943823,0.0004023142602008279
9873,0.9887480787122971,0.010747502916111937,0.0005044183715908249
13577,0.9916889598250446,0.007856787596916529,0.0004542525780388537
16132,0.9890083774012495,0.010511708299349169,0.0004799142994012048
10100,0.9596795754952215,0.03868948322257309,0.0016309412822054375
5629,0.5642909629227661,0.4296895403485682,0.006019496728665633
16618,0.2156997053914721,0.7786676591085196,0.005632635500008447
16876,0.06763514019851904,0.18424313265921913,0.7481217271422619
16036,0.9954493453562425,0.004114802162829444,0.00043585248092814667
9322,0.11179977012120992,0.07453187672426648,0.8136683531545236
8549,0.9894947979022782,0.009646562401734301,0.0008586396959875731
18132,0.9922629770528251,0.00738206829948954,0.0003549546476852532
13487,0.5621787703324379,0.42959871034674874,0.008222519320813432
6904,0.9370989946610756,0.061789923856201724,0.0011110814827226163
2799,0.6506332656717974,0.3398164310187111,0.009550303309491557
9694,0.12897368983414428,0.2815490402894505,0.5894772698764053
4417,0.6974260242243745,0.3001621603143168,0.0024118154613087194
1494,0.965453291101236,0.009003219220361408,0.02554348967840266
13929,0.15198591197271707,0.7761964240312105,0.07181766399607246
6530,0.45409694561918634,0.54108225541902,0.004820798961793828
2483,0.9707298027537329,0.025728943358368245,0.0035412538878989066
3301,0.6850859047870005,0.3123725171629479,0.002541578050051627
11323,0.9870441263074147,0.01254202817048286,0.00041384552210240377
1237,0.9203331533467092,0.07743064571103137,0.0022362009422594287
1747,0.5528171347943616,0.4416900076259164,0.005492857579722065
2655,0.9231785589227953,0.07308095312519906,0.0037404879520056785
16310,0.3611185138402395,0.4902234936307946,0.14865799252896583
4173,0.878426046418806,0.12013468422024476,0.0014392693609491718
17613,0.8820054433753826,0.1142192304599993,0.003775326164618102
18062,0.9935561670281133,0.006006912886104354,0.0004369200857822983
4109,0.5482015483628102,0.44913374351236435,0.0026647081248254607
15881,0.9942072432424405,0.005444318414600811,0.0003484383429586733
17020,0.9486628723876619,0.05030138744113143,0.0010357401712068383
7642,0.7765016095939248,0.18159191912076952,0.041906471285305696
9464,0.6922504480123688,0.30084324593551515,0.00690630605211595
22,0.9678145499886811,0.03171281946608126,0.00047263054523766825
16394,0.49340913959605054,0.5046897794856235,0.0019010809183259397
12854,0.5401699799790787,0.16388560161956234,0.295944418401359
5073,0.721483800956861,0.2743720444744164,0.004144154568722611
2069,0.9477936436037375,0.041316988424139174,0.010889367972123391
8545,0.9722758290848751,0.02691268835877663,0.0008114825563481436
10775,0.20090182292565975,0.7575684613461953,0.04152971572814505
9744,0.9124944665710047,0.08657747996960406,0.000928053459391182
17138,0.5563319893744081,0.3035491214743893,0.1401188891512026
16619,0.9919606091053057,0.007608009145496154,0.0004313817491978908
195,0.7477443421508553,0.2488562212256614,0.003399436623483411
10258,0.42835747199634616,0.5597502145540926,0.011892313449561183
4347,0.7879204003760951,0.1878923561346443,0.024187243489260775
17587,0.8911014846002974,0.10400937293103464,0.004889142468667938
3019,0.13444616261234682,0.7776039556265111,0.0879498817611422
18552,0.9945124964252776,0.00516185198760748,0.000325651587114937
13223,0.7138121212687586,0.28290220023884605,0.0032856784923952767
7856,0.9529918985518199,0.04607477780389085,0.0009333236442892311
9830,0.41832661117242215,0.5794930319525402,0.0021803568750376422
10965,0.43468475851654353,0.5629590162891491,0.0023562251943072695
4677,0.0879050843948132,0.17417835415909497,0.7379165614460917
12176,0.1567009696508747,0.7190129024433559,0.12428612790576948
15210,0.3165943222851821,0.6762860901744117,0.007119587540406135
3764,0.7711568899463777,0.22697154170725134,0.001871568346371022
16846,0.4451825641811017,0.54654595970967,0.008271476109228262
771,0.014235738825601908,0.06862754875556255,0.9171367124188357
13019,0.07584047573406892,0.10952981250082151,0.8146297117651095
252,0.7646628713187806,0.18056230695586517,0.05477482172535429
11064,0.7751477875939947,0.22352663185654942,0.0013255805494560154
18221,0.8555470305418964,0.14120762292575023,0.003245346532353344
11502,0.9067086763329238,0.08952260168687184,0.0037687219802043635
14392,0.6838544639059199,0.3142731633019093,0.001872372792170821
9541,0.41280419174979827,0.37058584577519976,0.216609962475002
3206,0.7582541994357441,0.2346311660470746,0.0071146345171812795
1994,0.20911812014413952,0.08757532948864016,0.7033065503672205
17294,0.7989044758032794,0.19967210503373842,0.0014234191629820911
344,0.9963428749063684,0.0032658970828040525,0.0003912280108274444
15404,0.982677428176328,0.01682821407423431,0.0004943577494377937
521,0.6955862477587743,0.30034169724083637,0.0040720550003893715
876,0.9943334455671131,0.005272948241846948,0.0003936061910399625
7671,0.23358086408394513,0.7652518682095327,0.0011672677065221752
3351,0.9921642302825798,0.007455413821445048,0.0003803558959749243
11771,0.9855806992684351,0.013505287482225977,0.0009140132493390442
1511,0.058225856770161344,0.025171410802663396,0.9166027324271752
9265,0.8623401145161923,0.1265731735863618,0.011086711897445862
7982,0.9745817098038496,0.025058139685217667,0.0003601505109328577
14175,0.9718149555385274,0.024452624062867204,0.003732420398605344
10039,0.9781866541081584,0.018970949084535352,0.0028423968073062727
14091,0.4725516024098357,0.5171050626705694,0.01034333491959488
16518,0.9954194384241348,0.004336970916246733,0.00024359065961869294
10022,0.9662502285569693,0.027733074747215893,0.006016696695814779
11564,0.8487618628652909,0.11961985504029496,0.031618282094414224
7125,0.9533474670005238,0.04499433024204644,0.0016582027574297243
13985,0.39458603492521765,0.6032439225926397,0.002170042482142551
16442,0.5651251446785251,0.4332628693433254,0.0016119859781493573
8894,0.891207991999347,0.10705888365234988,0.0017331243483031198
12070,0.9271935298149042,0.0668926520516372,0.00591381813345859
5222,0.5362749105637445,0.4615612774141891,0.0021638120220663186
5035,0.11865494369088228,0.42575885443098194,0.45558620187813575
11720,0.992024157866649,0.007518811924510412,0.00045703020884066365
2902,0.32089719670510225,0.6336311831554325,0.04547162013946516
16663,0.7614254829301068,0.21782047885704775,0.02075403821284536
5322,0.8825533022422691,0.11081043571987655,0.006636262037854403
18013,0.35911838234923377,0.18801100602208717,0.45287061162867903
7204,0.9926639256342099,0.006991626329099861,0.00034444803669008545
5241,0.32753928249190745,0.11140719262649564,0.561053524881597
10289,0.817634453816806,0.17820594436501136,0.004159601818182801
2841,0.9423347532930035,0.03859335796172492,0.019071888745271347
799,0.9327642457990563,0.0661755697989009,0.0010601844020427663
1913,0.05671069051949281,0.3805313438595255,0.5627579656209817
4910,0.9687964210266369,0.027750277168374412,0.0034533018049886003
451,0.05129353465293734,0.9433349773556261,0.005371487991436564
10840,0.3222958721390587,0.6316957807204957,0.04600834714044565
15308,0.027581197838209278,0.6390948056954222,0.33332399646636846
10669,0.8092738021857967,0.05415416493670877,0.1365720328774947
9628,0.962506925477696,0.036503823648817275,0.0009892508734868314
1010,0.29508598138188086,0.7001068366047392,0.004807182013380093
11501,0.6360911524595643,0.187556632495415,0.1763522150450208
12727,0.3903852276458481,0.6083613272239188,0.0012534451302331142
13407,0.9892566441898366,0.009870565991099882,0.0008727898190636176
11481,0.8494769120363302,0.1487570587847552,0.0017660291789144502
7183,0.4122693238782356,0.24574826672294298,0.34198240939882146
1066,0.9869338149932804,0.0123279958011012,0.0007381892056185106
4010,0.9945339344719712,0.005230329399063009,0.00023573612896569943
13436,0.9498955277358173,0.046905168670841095,0.003199303593341377
13848,0.9932359713462593,0.006337095138461644,0.0004269335152790395
15025,0.5673880258190838,0.42659157785793694,0.006020396322979319
3313,0.11578659501260437,0.8807176433438111,0.0034957616435846444
13580,0.9769323886289336,0.022402634409784093,0.0006649769612821382
14183,0.9269457137708994,0.07120980617172042,0.0018444800573801491
11433,0.8290476094066572,0.1697400951596791,0.0012122954336637062
9442,0.522337161739827,0.47431360689114155,0.003349231369031479
15,0.838283562613994,0.16044634443504852,0.001270092950957547
10817,0.9940671938029039,0.005383478184863286,0.0005493280122330299
330,0.7587217198996075,0.23968475175210024,0.0015935283482924876
17999,0.9915673953597215,0.007727753078398097,0.0007048515618804401
6883,0.5431736605971017,0.4492706434164081,0.007555695986490237
7946,0.09089697816669604,0.9031698614628063,0.0059331603704974945
2122,0.7455183305228702,0.2524723040127155,0.002009365464414493
16053,0.9971369460747462,0.002632715065883269,0.0002303388593703533
889,0.996542458481844,0.0030771782343926813,0.0003803632837632058
3521,0.9139362786189534,0.08334243295431155,0.002721288426734895
18229,0.4065518984752831,0.09289347716119073,0.500554624363526
11922,0.9782708342662707,0.021322999459583984,0.000406166274145338
2870,0.9944477980543729,0.005118461226596979,0.0004337407190300989
4093,0.10219124123258454,0.10149093043767253,0.796317828329743
283,0.0643420866968363,0.5958034037405943,0.33985450956256946
10344,0.12944803317791048,0.8675122342956316,0.003039732526457752
531,0.9960099174258668,0.003581552886899242,0.00040852968723403913
2710,0.2774867965338378,0.7203176991304319,0.0021955043357301898
8826,0.7119835474572089,0.27173266232087917,0.01628379022191189
10484,0.9661550342947355,0.03300431365189746,0.0008406520533669055
12881,0.10437996818454263,0.022181571028412932,0.8734384607870445
5013,0.2490191434049704,0.7428269900952378,0.00815386649979195
1189,0.7362297381499346,0.10429878006873945,0.15947148178132592
7899,0.9325941648885983,0.06630008467845618,0.0011057504329455956
12413,0.9142198408676516,0.06241514446133578,0.0233650146710125
11046,0.9302578098219089,0.06678193439943564,0.0029602557786554957
5834,0.6451056745874043,0.33224807259259886,0.02264625281999683
14782,0.969221956737129,0.02936300150040844,0.0014150417624624722
9994,0.8265965275375612,0.1674516603926678,0.005951812069771011
147,0.3479458819791428,0.35301583114627744,0.29903828687457984
2152,0.9902176765268893,0.009039705233517848,0.0007426182395929513
3478,0.6707386457377433,0.23990841457474713,0.08935293968750954
8873,0.9809041531306494,0.017756570975820077,0.001339275893530424
5577,0.3968015867223511,0.5295175364734034,0.07368087680424548
12729,0.6818536317714754,0.2857858619266397,0.03236050630188504
11488,0.39882235671193483,0.5993554724390856,0.00182217084897947
17901,0.4279844617135089,0.5667132544269872,0.005302283859503965
650,0.6924231457938145,0.21862769317007474,0.08894916103611078
3127,0.9766070586381601,0.022470984226255823,0.0009219571355839467
3761,0.8276507646488127,0.1320081659507329,0.04034106940045444
16587,0.03489166439464391,0.007948758470046464,0.9571595771353096
11773,0.22420006117286587,0.5877067109924924,0.18809322783464175
11000,0.9249429276320537,0.07376118249005616,0.0012958898778902294
10785,0.9770514989131164,0.020720109588909484,0.0022283914979741894
2280,0.46287962726071524,0.35970287418359126,0.17741749855569344
13306,0.6262799391583379,0.3678427878499222,0.005877272991739894
14185,0.9933662328043384,0.0060426482914518465,0.0005911189042097981
18326,0.3680825663831917,0.5156726802317168,0.11624475338509148
2544,0.993325675948642,0.0064107000030206,0.0002636240483376925
6979,0.9637487741436206,0.03552256613795549,0.0007286597184240079
50,0.1310643929380989,0.6672775543855358,0.20165805267636536
11525,0.25996982816404685,0.7339824496224288,0.006047722213524403
13479,0.5240971553745377,0.0447209038577323,0.4311819407677299
8865,0.6523495427520606,0.3339157335587851,0.013734723689154175
14822,0.4467405515346003,0.39974598152248353,0.15351346694291607
9763,0.9806857325557096,0.018819129796059975,0.0004951376482303121
2129,0.30012271865078594,0.69762239322765,0.0022548881215639165
13332,0.9440823636552478,0.04349694349375903,0.012420692850993375
7082,0.9937715838121483,0.005891317396098132,0.00033709879175380524
7783,0.6779661551344258,0.2526987176020574,0.06933512726351684
7202,0.9824892204431629,0.01706853859203978,0.00044224096479735593
18223,0.8939427229786056,0.10413523817529781,0.0019220388460965776
6631,0.730018370338279,0.12312316577997619,0.1468584638817449
14666,0.9921205936081122,0.007186902446386438,0.000692503945501189
4432,0.9599443280963604,0.011219435777925028,0.028836236125714634
6566,0.9448513806777619,0.0525765728362653,0.002572046485972648
11828,0.6468057721327614,0.12430279938391967,0.22889142848331898
3485,0.7942105161471862,0.1811428399299133,0.024646643922900457
17499,0.993243176433554,0.006361051225887048,0.00039577234055898386
5855,0.3548986947299711,0.6068554201030877,0.038245885166941294
15165,0.9925000051385784,0.00703836986951138,0.0004616249919103146
4574,0.9493784739640921,0.04918546783717377,0.0014360581987341897
9316,0.6554574109394418,0.26152434683136005,0.08301824222919815
17011,0.9919682112412567,0.007418607418607027,0.0006131813401363551
12002,0.8282743198626679,0.16588431820155292,0.005841361935779283
17674,0.880804272464251,0.11645292074331577,0.0027428067924332687
232,0.9468462357242659,0.05218685851402215,0.0009669057617119532
5584,0.79711721885987,0.20115195361682717,0.0017308275233029603
18310,0.6542366333304361,0.34305808761795953,0.0027052790516043632
5677,0.08100107106215179,0.052991574335720874,0.8660073546021273
18145,0.9890805164928729,0.010046849079954779,0.0008726344271724755
3086,0.4890019947315956,0.5090443632660524,0.0019536420023519552
15184,0.5057378397162762,0.024405828760709753,0.46985633152301415
16348,0.9909647661999473,0.008663966941812725,0.00037126685824001685
17675,0.9936985060863182,0.005967379474005907,0.0003341144396756659
3074,0.8379283529466,0.1607550506035334,0.0013165964498667068
3355,0.8959549575428402,0.0757813506141101,0.028263691843049915
9764,0.4178617240418315,0.5735545743229609,0.008583701635207676
